[1] "Parameter summary"
               Lower95      Median     Upper95        Mean          SD Mode
tau_proc     0.4881388   0.8724996   1.4602831   0.9247858  0.27830362   NA
beta1       -0.2138480   0.1612040   0.5266467   0.1563381  0.18816708   NA
beta2        0.4696889   0.6691581   0.8576404   0.6670579  0.09897729   NA
beta3       -0.1679881   0.1965839   0.5847154   0.2015733  0.19195411   NA
beta4       -0.9142767  -0.5749511  -0.2570049  -0.5796995  0.16801013   NA
tau_obs      1.0566809   1.7015885   2.4930829   1.7351851  0.37748353   NA
tau_C_proc 126.1401032 168.4536053 215.6954934 169.5703891 22.99092732   NA
                 MCerr MC%ofSD SSeff        AC.10     psrf
tau_proc   0.003141410     1.1  7849  0.261978187 1.000042
beta1      0.001358391     0.7 19188  0.040568804 1.000034
beta2      0.001114399     1.1  7888  0.275951417 1.000110
beta3      0.002032531     1.1  8919  0.230543951 1.000051
beta4      0.001658689     1.0 10260  0.163888714 1.000109
tau_obs    0.003306609     0.9 13033  0.119328438 1.000233
tau_C_proc 0.097240492     0.4 55901 -0.002008158 1.000007
[1] "Parameter cross-correlations"
                tau_proc        beta1        beta2        beta3       beta4
tau_proc    1.0000000000  0.196787652  0.443075811 -0.358294102  0.26637704
beta1       0.1967876525  1.000000000  0.435553892 -0.270668590 -0.27660333
beta2       0.4430758112  0.435553892  1.000000000 -0.813167644  0.62097777
beta3      -0.3582941024 -0.270668590 -0.813167644  1.000000000 -0.66110677
beta4       0.2663770433 -0.276603334  0.620977769 -0.661106767  1.00000000
tau_obs    -0.4700473489 -0.121501344 -0.268698233  0.217137955 -0.15725818
tau_C_proc  0.0008833194 -0.002223619 -0.004655848  0.004320433 -0.00261853
                 tau_obs    tau_C_proc
tau_proc   -0.4700473489  0.0008833194
beta1      -0.1215013440 -0.0022236193
beta2      -0.2686982331 -0.0046558477
beta3       0.2171379548  0.0043204330
beta4      -0.1572581817 -0.0026185300
tau_obs     1.0000000000  0.0005355295
tau_C_proc  0.0005355295  1.0000000000
