[1] "Parameter summary"
              Lower95     Median    Upper95       Mean         SD Mode        MCerr
tau_proc    0.3901878  0.6220153 0.92766648  0.6402698 0.14338860   NA 0.0007218454
beta1      -0.6068484 -0.2729036 0.03652469 -0.2764309 0.16343016   NA 0.0007079650
beta2       0.6505908  0.7724455 0.89134220  0.7706857 0.06146251   NA 0.0002723449
beta3      -0.1994166  0.1076936 0.42132564  0.1074161 0.15776976   NA 0.0006440923
tau_obs     1.0166240  1.6547552 2.39594853  1.6891720 0.35960267   NA 0.0018607724
tau_T_proc  0.9029826  1.2043186 1.55816899  1.2123299 0.16853325   NA 0.0006940177
           MC%ofSD SSeff        AC.10      psrf
tau_proc       0.5 39459  0.052960843 1.0000887
beta1          0.4 53289  0.007323805 1.0000215
beta2          0.4 50931  0.014353353 1.0000207
beta3          0.4 60000  0.002672696 0.9999788
tau_obs        0.5 37347  0.058103060 1.0000324
tau_T_proc     0.4 58970 -0.003078348 1.0001163
[1] "Parameter cross-correlations"
              mu[1,1]    tau_proc        beta1         beta2        beta3
mu[1,1]   1.000000000 -0.01156548 -0.000643870  0.0020607446  0.004408396
tau_proc -0.011565477  1.00000000  0.202298351  0.2841739290 -0.002541930
beta1    -0.000643870  0.20229835  1.000000000  0.6646813701 -0.020661148
beta2     0.002060745  0.28417393  0.664681370  1.0000000000 -0.038427535
beta3     0.004408396 -0.00254193 -0.020661148 -0.0384275346  1.000000000
mu[2,1]   0.005520405 -0.01808949 -0.005369637  0.0006291361 -0.003415970
               mu[2,1]
mu[1,1]   0.0055204049
tau_proc -0.0180894863
beta1    -0.0053696365
beta2     0.0006291361
beta3    -0.0034159700
mu[2,1]   1.0000000000
