[1] "Parameter summary"
              Lower95      Median    Upper95        Mean         SD Mode        MCerr
tau_proc    0.3765515  0.60864790 0.90180316  0.62657818 0.13998862   NA 0.0006964005
beta1      -0.6098253 -0.27916571 0.03640014 -0.28287134 0.16512439   NA 0.0007149879
beta2       0.6439038  0.76862901 0.88707825  0.76713071 0.06202568   NA 0.0002762872
beta3      -0.2156722  0.11319012 0.44749681  0.11276650 0.16826453   NA 0.0006924619
beta4      -0.3550374 -0.02845069 0.29144636 -0.02849883 0.16453667   NA 0.0006746924
tau_obs     1.0399861  1.67197341 2.41651911  1.70403554 0.35962950   NA 0.0018050470
tau_T_proc  0.8885571  1.20370995 1.54761384  1.21183367 0.16903082   NA 0.0006967437
tau_S_proc  0.9055663  1.23248014 1.59349758  1.24046437 0.17751319   NA 0.0007196668
           MC%ofSD SSeff         AC.10      psrf
tau_proc       0.5 40408  0.0473298791 1.0000561
beta1          0.4 53337  0.0113651730 1.0000035
beta2          0.4 50399  0.0180855073 0.9999815
beta3          0.4 59046  0.0003078061 1.0000738
beta4          0.4 59472 -0.0025933049 1.0000355
tau_obs        0.5 39695  0.0512504634 1.0002379
tau_T_proc     0.4 58855 -0.0010237898 1.0001290
tau_S_proc     0.4 60841  0.0012735820 1.0000074
[1] "Parameter cross-correlations"
               mu[1,1]      tau_proc         beta1         beta2        beta3
mu[1,1]   1.0000000000 -0.0109096071 -0.0002582696  0.0034746326  0.001695499
tau_proc -0.0109096071  1.0000000000  0.1917401437  0.2719670254 -0.002340416
beta1    -0.0002582696  0.1917401437  1.0000000000  0.6658664926 -0.051274972
beta2     0.0034746326  0.2719670254  0.6658664926  1.0000000000 -0.080743842
beta3     0.0016954987 -0.0023404159 -0.0512749724 -0.0807438423  1.000000000
beta4     0.0036248700 -0.0001259049  0.0851126006  0.1300355468 -0.317128014
mu[3,1]  -0.0034325187  0.0006475863 -0.0022917631  0.0045655663 -0.004402608
mu[2,1]   0.0015575735 -0.0183570529 -0.0027747848  0.0008925108 -0.004220277
                 beta4       mu[3,1]       mu[2,1]
mu[1,1]   0.0036248700 -0.0034325187  0.0015575735
tau_proc -0.0001259049  0.0006475863 -0.0183570529
beta1     0.0851126006 -0.0022917631 -0.0027747848
beta2     0.1300355468  0.0045655663  0.0008925108
beta3    -0.3171280144 -0.0044026083 -0.0042202766
beta4     1.0000000000  0.0009963866 -0.0006543653
mu[3,1]   0.0009963866  1.0000000000 -0.0046838589
mu[2,1]  -0.0006543653 -0.0046838589  1.0000000000
