[1] "Parameter summary"
                Lower95       Median     Upper95         Mean          SD Mode
tau_proc      0.4879578   0.85403512   1.4113084   0.90098280  0.25805187   NA
beta1        -0.2413912   0.14745460   0.5135093   0.14243127  0.19237234   NA
beta2         0.4612110   0.65544214   0.8471088   0.65351942  0.09903774   NA
beta3        -0.3510076  -0.09750572   0.1548429  -0.09792496  0.12884019   NA
beta4        -0.1649210   0.20404643   0.5834795   0.20824019  0.19111229   NA
beta5        -0.9301843  -0.58459223  -0.2694580  -0.58919957  0.16917280   NA
tau_obs       1.0573736   1.71552353   2.5048899   1.74829830  0.37790435   NA
tau_C1_proc   0.8967961   1.18822754   1.4997115   1.19514131  0.15487734   NA
tau_C2_proc 126.2271534 168.52074361 215.7087731 169.56102653 23.00026629   NA
                   MCerr MC%ofSD SSeff        AC.10     psrf
tau_proc    0.0027224131     1.1  8985 0.2189999538 1.000048
beta1       0.0013912209     0.7 19120 0.0300249733 1.000157
beta2       0.0010873689     1.1  8296 0.2484621582 1.000102
beta3       0.0006358163     0.5 41062 0.0059097655 1.000001
beta4       0.0019353672     1.0  9751 0.2081523190 1.000058
beta5       0.0015793063     0.9 11474 0.1488449873 1.000049
tau_obs     0.0031591722     0.8 14309 0.1047706689 1.000014
tau_C1_proc 0.0006267758     0.4 61059 0.0005270308 1.000027
tau_C2_proc 0.0968639221     0.4 56382 0.0002286978 1.000015
[1] "Parameter cross-correlations"
                tau_proc        beta1        beta2         beta3        beta4
tau_proc     1.000000000  0.189667240  0.424448998  0.0433366323 -0.337625909
beta1        0.189667240  1.000000000  0.432471078  0.0713756790 -0.256152830
beta2        0.424448998  0.432471078  1.000000000  0.1422624429 -0.797481316
beta3        0.043336632  0.071375679  0.142262443  1.0000000000 -0.004765748
beta4       -0.337625909 -0.256152830 -0.797481316 -0.0047657483  1.000000000
beta5        0.247791781 -0.294745072  0.607855065  0.0550576645 -0.650962337
tau_obs     -0.451781016 -0.105784594 -0.240422540 -0.0167919351  0.190321044
tau_C1_proc  0.001412006  0.002419804  0.004053776 -0.0004258326 -0.001254258
tau_C2_proc -0.003164427 -0.003200469 -0.007302271 -0.0021996379  0.006743575
                    beta5       tau_obs   tau_C1_proc   tau_C2_proc
tau_proc     0.2477917809 -0.4517810163  1.412006e-03 -3.164427e-03
beta1       -0.2947450720 -0.1057845941  2.419804e-03 -3.200469e-03
beta2        0.6078550649 -0.2404225396  4.053776e-03 -7.302271e-03
beta3        0.0550576645 -0.0167919351 -4.258326e-04 -2.199638e-03
beta4       -0.6509623368  0.1903210443 -1.254258e-03  6.743575e-03
beta5        1.0000000000 -0.1400379457  1.708024e-04 -3.570217e-03
tau_obs     -0.1400379457  1.0000000000 -3.560208e-03 -2.879147e-04
tau_C1_proc  0.0001708024 -0.0035602081  1.000000e+00  6.770708e-05
tau_C2_proc -0.0035702175 -0.0002879147  6.770708e-05  1.000000e+00
