[1] "Parameter summary"
              Lower95      Median      Upper95        Mean         SD Mode
tau_proc    0.3900166  0.60959689  0.913307759  0.62719866 0.13900917   NA
beta1      -0.8512006 -0.43383974 -0.004898086 -0.43849211 0.21613207   NA
beta2       0.6339949  0.76123436  0.880685282  0.75932786 0.06307221   NA
beta3      -0.2582708  0.06740539  0.381734253  0.06619735 0.16344008   NA
beta4      -0.1218771  0.17385449  0.460952754  0.17371884 0.14747300   NA
tau_obs     1.0511782  1.69068448  2.432141475  1.72060136 0.35969428   NA
tau_S_proc  0.8966760  1.22496597  1.582846786  1.23322922 0.17639060   NA
                  MCerr MC%ofSD SSeff      AC.10      psrf
tau_proc   0.0006901620     0.5 40568 0.05007939 1.0000111
beta1      0.0010615203     0.5 41455 0.03491750 1.0001100
beta2      0.0002889580     0.5 47644 0.01953236 1.0000623
beta3      0.0006836694     0.4 57151 0.00195091 1.0001004
beta4      0.0006931566     0.5 45265 0.02494272 1.0001007
tau_obs    0.0018342563     0.5 38454 0.06138868 0.9999847
tau_S_proc 0.0007160492     0.4 60683 0.00101333 0.9999859
[1] "Parameter cross-correlations"
               mu[1,1]     tau_proc        beta1        beta2         beta3
mu[1,1]   1.0000000000 -0.013663419 -0.005435456 -0.003179057 -0.0002001014
tau_proc -0.0136634193  1.000000000  0.175567988  0.273164891  0.0087309135
beta1    -0.0054354560  0.175567988  1.000000000  0.605655090 -0.1394722002
beta2    -0.0031790566  0.273164891  0.605655090  1.000000000  0.0621408179
beta3    -0.0002001014  0.008730914 -0.139472200  0.062140818  1.0000000000
beta4     0.0033618841 -0.050216495 -0.640210650 -0.159553021  0.3067627284
mu[2,1]   0.0038711713 -0.015087814 -0.005407650  0.001896224 -0.0022354246
                beta4      mu[2,1]
mu[1,1]   0.003361884  0.003871171
tau_proc -0.050216495 -0.015087814
beta1    -0.640210650 -0.005407650
beta2    -0.159553021  0.001896224
beta3     0.306762728 -0.002235425
beta4     1.000000000  0.004948052
mu[2,1]   0.004948052  1.000000000
