[1] "Parameter summary"
              Lower95      Median   Upper95        Mean         SD Mode        MCerr
tau_proc    0.3799417  0.60803424 0.9086642  0.62628297 0.14059561   NA 0.0007166517
beta1      -0.6707756 -0.25420582 0.1527501 -0.25580390 0.21003084   NA 0.0009987159
beta2       0.6462154  0.76795246 0.8903282  0.76638498 0.06227629   NA 0.0002783823
beta3      -0.2167612  0.11498707 0.4398537  0.11410732 0.16777623   NA 0.0007017012
beta4      -0.3275522 -0.03449812 0.2672742 -0.03289500 0.15208288   NA 0.0007144795
beta5      -0.3591053 -0.02449796 0.2921291 -0.02497609 0.16554304   NA 0.0006822312
tau_obs     1.0467643  1.67642357 2.4273991  1.70789869 0.35983113   NA 0.0018556765
tau_T_proc  0.8801932  1.20173727 1.5370676  1.20890719 0.16889475   NA 0.0006943200
tau_S_proc  0.9119789  1.23202802 1.5999554  1.24098884 0.17734510   NA 0.0007240083
           MC%ofSD SSeff         AC.10      psrf
tau_proc       0.5 38488  0.0594442895 1.0000125
beta1          0.5 44226  0.0278354243 1.0000058
beta2          0.4 50045  0.0176894975 0.9999845
beta3          0.4 57168  0.0023095822 0.9999932
beta4          0.5 45309  0.0180364410 1.0000411
beta5          0.4 58879 -0.0014814453 0.9999828
tau_obs        0.5 37600  0.0567472757 0.9999898
tau_T_proc     0.4 59172 -0.0008487148 1.0000245
tau_S_proc     0.4 60000  0.0014563177 0.9999803
[1] "Parameter cross-correlations"
               mu[1,1]     tau_proc         beta1         beta2        beta3
mu[1,1]   1.000000e+00 -0.015632788 -0.0055750962  0.0001579459  0.002269050
tau_proc -1.563279e-02  1.000000000  0.1887890700  0.2719331165 -0.002910259
beta1    -5.575096e-03  0.188789070  1.0000000000  0.5394945664 -0.038656839
beta2     1.579459e-04  0.271933117  0.5394945664  1.0000000000 -0.078609093
beta3     2.269050e-03 -0.002910259 -0.0386568390 -0.0786090931  1.000000000
beta4     3.717950e-03 -0.058790924 -0.6144111121 -0.0254777359  0.003201592
beta5     2.591604e-03  0.001731965  0.1019251652  0.1297587419 -0.316943436
mu[3,1]  -1.323715e-05 -0.003831876  0.0002606803  0.0035144179 -0.005400963
mu[2,1]   4.556035e-03 -0.015596675 -0.0016637360  0.0034859830 -0.007837357
                 beta4        beta5       mu[3,1]       mu[2,1]
mu[1,1]   0.0037179499  0.002591604 -1.323715e-05  0.0045560350
tau_proc -0.0587909235  0.001731965 -3.831876e-03 -0.0155966752
beta1    -0.6144111121  0.101925165  2.606803e-04 -0.0016637360
beta2    -0.0254777359  0.129758742  3.514418e-03  0.0034859830
beta3     0.0032015916 -0.316943436 -5.400963e-03 -0.0078373572
beta4     1.0000000000 -0.059423572  5.086666e-04  0.0003454243
beta5    -0.0594235716  1.000000000 -1.649173e-03  0.0038806906
mu[3,1]   0.0005086666 -0.001649173  1.000000e+00 -0.0013432860
mu[2,1]   0.0003454243  0.003880691 -1.343286e-03  1.0000000000
