[1] "Parameter summary"
               Lower95      Median     Upper95        Mean        SD Mode        MCerr
tau_proc     0.4867360  0.83572091  1.31575387  0.87064617 0.2252564   NA 0.0013202072
beta1       -0.6279256 -0.32268804 -0.03260153 -0.32648901 0.1513859   NA 0.0007069412
beta2        0.6116487  0.74319381  0.86659723  0.74147104 0.0651949   NA 0.0003238265
beta3       -0.3519589 -0.06039656  0.22443702 -0.06096139 0.1468149   NA 0.0006407067
beta4        0.1228937  0.35422716  0.58900449  0.35477868 0.1186930   NA 0.0004895818
tau_obs      1.0602398  1.69752622  2.46222676  1.73282069 0.3663951   NA 0.0019259479
tau_C1_proc  1.3752059  1.87547558  2.43488905  1.88831053 0.2714902   NA 0.0011097378
tau_C2_proc  2.1783214  2.97767514  3.84230139  2.99935771 0.4256578   NA 0.0017257816
            MC%ofSD SSeff         AC.10      psrf
tau_proc        0.6 29112  1.072398e-01 1.0000242
beta1           0.5 45857  2.817918e-02 1.0000480
beta2           0.5 40532  4.379966e-02 1.0000516
beta3           0.4 52508  1.224710e-02 1.0001837
beta4           0.4 58776  8.480966e-05 1.0000293
tau_obs         0.5 36192  7.577603e-02 0.9999956
tau_C1_proc     0.4 59850 -2.995746e-03 1.0000944
tau_C2_proc     0.4 60834  6.156724e-04 1.0000323
[1] "Parameter cross-correlations"
                tau_proc        beta1        beta2         beta3        beta4
tau_proc     1.000000000  0.220486475  0.313883769  0.0911544720 -0.017711308
beta1        0.220486475  1.000000000  0.706449417  0.2822481014 -0.149463892
beta2        0.313883769  0.706449417  1.000000000  0.4361446068 -0.106352403
beta3        0.091154472  0.282248101  0.436144607  1.0000000000  0.040372644
beta4       -0.017711308 -0.149463892 -0.106352403  0.0403726440  1.000000000
tau_obs     -0.431094851 -0.126840216 -0.179255598 -0.0340939603  0.010139417
tau_C1_proc -0.004418775 -0.002617101 -0.002884862 -0.0007883672  0.000785247
tau_C2_proc -0.003910467  0.004520090  0.003963868  0.0020801541  0.006378461
                 tau_obs   tau_C1_proc  tau_C2_proc
tau_proc    -0.431094851 -0.0044187749 -0.003910467
beta1       -0.126840216 -0.0026171013  0.004520090
beta2       -0.179255598 -0.0028848616  0.003963868
beta3       -0.034093960 -0.0007883672  0.002080154
beta4        0.010139417  0.0007852470  0.006378461
tau_obs      1.000000000  0.0035552208  0.001579882
tau_C1_proc  0.003555221  1.0000000000 -0.002625977
tau_C2_proc  0.001579882 -0.0026259771  1.000000000
