[1] "Parameter summary"
               Lower95     Median    Upper95        Mean         SD Mode
tau_proc     0.4354186  0.7055296 1.05175469  0.72619341 0.16346583   NA
beta1       -0.6149990 -0.2945128 0.01969731 -0.29859289 0.16207782   NA
beta2        0.6019839  0.7402308 0.87314672  0.73847855 0.06943838   NA
beta3       -0.3899144 -0.0858407 0.23292775 -0.08613029 0.15818409   NA
beta4       -0.3425560 -0.0693953 0.20156008 -0.06944021 0.13887954   NA
tau_obs      1.1212848  1.7712013 2.54836634  1.80428763 0.37432637   NA
tau_C1_proc  1.3633233  1.8728545 2.41664403  1.88566451 0.27051038   NA
tau_C2_proc  0.8996290  1.1878370 1.50087006  1.19450948 0.15433767   NA
                   MCerr MC%ofSD SSeff        AC.10      psrf
tau_proc    0.0011824014     0.7 19113  0.048798147 0.9999937
beta1       0.0009912194     0.6 26737  0.023004120 0.9999998
beta2       0.0004604338     0.7 22744  0.026065685 1.0000195
beta3       0.0008909965     0.6 31519  0.009136706 1.0000151
beta4       0.0006527171     0.5 45272  0.004427442 1.0000588
tau_obs     0.0027522625     0.7 18498  0.052359123 1.0000279
tau_C1_proc 0.0011223446     0.4 58092  0.005522563 0.9999884
tau_C2_proc 0.0006300809     0.4 60000 -0.001134774 1.0000771
[1] "Parameter cross-correlations"
                tau_proc        beta1         beta2        beta3         beta4
tau_proc     1.000000000  0.221083604  0.2912552423  0.107413704  0.0460554221
beta1        0.221083604  1.000000000  0.7035475103  0.281859930  0.1141464662
beta2        0.291255242  0.703547510  1.0000000000  0.428435256  0.1570153086
beta3        0.107413704  0.281859930  0.4284352562  1.000000000 -0.1048325701
beta4        0.046055422  0.114146466  0.1570153086 -0.104832570  1.0000000000
tau_obs     -0.372789262 -0.118117734 -0.1504448437 -0.051908264 -0.0229662554
tau_C1_proc -0.003076113  0.001517485  0.0015815958  0.002691434  0.0002037538
tau_C2_proc -0.001116007 -0.001784335 -0.0005065439 -0.003607267 -0.0009765702
                 tau_obs   tau_C1_proc   tau_C2_proc
tau_proc    -0.372789262 -0.0030761130 -0.0011160069
beta1       -0.118117734  0.0015174851 -0.0017843347
beta2       -0.150444844  0.0015815958 -0.0005065439
beta3       -0.051908264  0.0026914340 -0.0036072665
beta4       -0.022966255  0.0002037538 -0.0009765702
tau_obs      1.000000000  0.0051909746  0.0011810637
tau_C1_proc  0.005190975  1.0000000000  0.0038610558
tau_C2_proc  0.001181064  0.0038610558  1.0000000000
