[1] "Parameter summary"
               Lower95     Median    Upper95       Mean         SD Mode        MCerr
tau_proc     0.5052768  0.8375222  1.2915884  0.8674593 0.21371582   NA 0.0017248704
beta1       -0.7710212 -0.4466859 -0.1410769 -0.4509134 0.16054235   NA 0.0011003647
beta2        0.4760851  0.6242769  0.7688521  0.6225100 0.07471666   NA 0.0005697494
beta3       -0.4559426 -0.1674635  0.1222612 -0.1685458 0.14795722   NA 0.0008764243
beta4        0.2377655  0.4935041  0.7607488  0.4948632 0.13374888   NA 0.0007698684
tau_obs      1.0823971  1.7266688  2.5267069  1.7624864 0.37508094   NA 0.0029395212
tau_C1_proc  1.3840845  1.8751596  2.4386763  1.8876547 0.27027455   NA 0.0011307100
tau_C2_proc  3.9687169  5.3919313  6.9026040  5.4281633 0.75743960   NA 0.0031129218
            MC%ofSD SSeff        AC.10      psrf
tau_proc        0.8 15352  0.092773820 1.0001453
beta1           0.7 21287  0.040905387 1.0000114
beta2           0.8 17198  0.061044714 0.9999859
beta3           0.6 28500  0.020387486 0.9999966
beta4           0.6 30182  0.022009957 0.9999861
tau_obs         0.8 16282  0.075251089 1.0001955
tau_C1_proc     0.4 57136 -0.001705415 0.9999824
tau_C2_proc     0.4 59205  0.001404321 0.9999917
[1] "Parameter cross-correlations"
                tau_proc        beta1        beta2        beta3        beta4
tau_proc     1.000000000  0.183080066  0.253113811  0.062599611 -0.113063181
beta1        0.183080066  1.000000000  0.732224205  0.325618200 -0.342013599
beta2        0.253113811  0.732224205  1.000000000  0.452990402 -0.525218386
beta3        0.062599611  0.325618200  0.452990402  1.000000000 -0.169922392
beta4       -0.113063181 -0.342013599 -0.525218386 -0.169922392  1.000000000
tau_obs     -0.406535214 -0.094469180 -0.127658275 -0.016455185  0.047186525
tau_C1_proc -0.003809599  0.002207013 -0.001279887 -0.002930904  0.003325675
tau_C2_proc -0.005122369 -0.002780617 -0.001644463  0.001705234  0.001153836
                 tau_obs   tau_C1_proc   tau_C2_proc
tau_proc    -0.406535214 -0.0038095995 -0.0051223693
beta1       -0.094469180  0.0022070129 -0.0027806173
beta2       -0.127658275 -0.0012798872 -0.0016444634
beta3       -0.016455185 -0.0029309037  0.0017052344
beta4        0.047186525  0.0033256753  0.0011538361
tau_obs      1.000000000  0.0041615559  0.0037444191
tau_C1_proc  0.004161556  1.0000000000 -0.0009705457
tau_C2_proc  0.003744419 -0.0009705457  1.0000000000
