[1] "Parameter summary"
               Lower95      Median     Upper95        Mean         SD Mode        MCerr
tau_proc     0.4844122  0.79980921  1.22719258  0.82786009 0.19960047   NA 0.0010710341
beta1       -0.6580696 -0.35450449 -0.04842121 -0.35749568 0.15489658   NA 0.0007131913
beta2        0.5839249  0.71338951  0.84393358  0.71164459 0.06642871   NA 0.0003189609
beta3       -0.3608777 -0.06717344  0.22059113 -0.06770195 0.14828400   NA 0.0006538592
beta4        0.1360772  0.41641846  0.71004231  0.41649054 0.14666331   NA 0.0006105849
tau_obs      1.0936697  1.72898805  2.50019191  1.76281955 0.36896142   NA 0.0018993367
tau_C1_proc  1.3598399  1.87660127  2.40843878  1.88866357 0.27055385   NA 0.0011045315
tau_C2_proc  1.1337416  1.51389606  1.93708511  1.52365643 0.20602082   NA 0.0008379896
            MC%ofSD SSeff         AC.10      psrf
tau_proc        0.5 34731  0.0787819223 1.0000585
beta1           0.5 47171  0.0245066422 1.0000201
beta2           0.5 43375  0.0355860500 1.0001659
beta3           0.4 51430  0.0133654819 0.9999953
beta4           0.4 57697 -0.0007637501 1.0000058
tau_obs         0.5 37736  0.0606826656 1.0000494
tau_C1_proc     0.4 60000 -0.0011168849 1.0000029
tau_C2_proc     0.4 60443 -0.0038770335 1.0000038
[1] "Parameter cross-correlations"
                 tau_proc         beta1        beta2         beta3        beta4
tau_proc     1.0000000000  1.988512e-01  0.280329172  0.1138533164  0.050303226
beta1        0.1988511620  1.000000e+00  0.704674468  0.2790192188 -0.170894731
beta2        0.2803291721  7.046745e-01  1.000000000  0.4284080138 -0.192814586
beta3        0.1138533164  2.790192e-01  0.428408014  1.0000000000  0.051121156
beta4        0.0503032258 -1.708947e-01 -0.192814586  0.0511211558  1.000000000
tau_obs     -0.4026189679 -1.067204e-01 -0.147946402 -0.0556434202 -0.065672375
tau_C1_proc -0.0016669136  1.476778e-03  0.000234774 -0.0027275145  0.002632376
tau_C2_proc -0.0002988099  4.298354e-05 -0.001760483 -0.0003054374  0.007822170
                  tau_obs   tau_C1_proc   tau_C2_proc
tau_proc    -4.026190e-01 -1.666914e-03 -2.988099e-04
beta1       -1.067204e-01  1.476778e-03  4.298354e-05
beta2       -1.479464e-01  2.347740e-04 -1.760483e-03
beta3       -5.564342e-02 -2.727515e-03 -3.054374e-04
beta4       -6.567238e-02  2.632376e-03  7.822170e-03
tau_obs      1.000000e+00  6.854995e-05 -3.286082e-03
tau_C1_proc  6.854995e-05  1.000000e+00  3.107836e-04
tau_C2_proc -3.286082e-03  3.107836e-04  1.000000e+00
