[1] "Parameter summary"
               Lower95      Median    Upper95        Mean         SD Mode        MCerr
tau_proc     0.5003441  0.83231298  1.2890004  0.86370736 0.21234364   NA 0.0016919085
beta1       -0.7086367 -0.40545406 -0.1121475 -0.40927466 0.15233207   NA 0.0009471014
beta2        0.5166876  0.65237148  0.7841950  0.65032873 0.06831594   NA 0.0004734078
beta3        0.2222746  0.47199190  0.7404424  0.47404494 0.13197172   NA 0.0007052029
beta4       -0.3406981 -0.09273087  0.1647076 -0.09293202 0.12929302   NA 0.0006228714
tau_obs      1.0758894  1.73119451  2.5099338  1.76627419 0.37345252   NA 0.0028398053
tau_C1_proc  3.9940557  5.39311414  6.9366593  5.42992519 0.75583446   NA 0.0030856813
tau_C2_proc  0.9042256  1.18871655  1.5045870  1.19545832 0.15387903   NA 0.0006282085
            MC%ofSD SSeff        AC.10      psrf
tau_proc        0.8 15752  0.083605028 1.0000349
beta1           0.6 25870  0.018897561 1.0002355
beta2           0.7 20824  0.033962106 1.0003077
beta3           0.5 35021  0.012180049 1.0002823
beta4           0.5 43088  0.004117241 1.0001009
tau_obs         0.8 17294  0.068783059 1.0002595
tau_C1_proc     0.4 60000 -0.001987165 1.0000024
tau_C2_proc     0.4 60000 -0.001857737 0.9999989
[1] "Parameter cross-correlations"
                tau_proc         beta1        beta2        beta3         beta4
tau_proc     1.000000000  1.935167e-01  0.274788919 -0.119620442  5.217329e-02
beta1        0.193516676  1.000000e+00  0.704754041 -0.317654267  1.568406e-01
beta2        0.274788919  7.047540e-01  1.000000000 -0.516776791  2.161607e-01
beta3       -0.119620442 -3.176543e-01 -0.516776791  1.000000000 -5.327288e-02
beta4        0.052173294  1.568406e-01  0.216160695 -0.053272877  1.000000e+00
tau_obs     -0.413867782 -1.048005e-01 -0.148229072  0.055433013 -2.584770e-02
tau_C1_proc -0.002258809 -2.461785e-03 -0.004080486  0.007253006 -3.734130e-03
tau_C2_proc  0.002233725 -6.627973e-05  0.002121544  0.002099574  3.955623e-05
                 tau_obs  tau_C1_proc   tau_C2_proc
tau_proc    -0.413867782 -0.002258809  2.233725e-03
beta1       -0.104800534 -0.002461785 -6.627973e-05
beta2       -0.148229072 -0.004080486  2.121544e-03
beta3        0.055433013  0.007253006  2.099574e-03
beta4       -0.025847698 -0.003734130  3.955623e-05
tau_obs      1.000000000  0.002441061 -2.392591e-03
tau_C1_proc  0.002441061  1.000000000  2.204803e-03
tau_C2_proc -0.002392591  0.002204803  1.000000e+00
