[1] "Parameter summary"
               Lower95      Median    Upper95        Mean         SD Mode
tau_proc     0.4843022  0.80290110  1.2299808  0.83043845 0.20092502   NA
beta1       -0.6625880 -0.35689512 -0.0585132 -0.35981202 0.15419570   NA
beta2        0.5826253  0.71278225  0.8374371  0.71117901 0.06493109   NA
beta3        0.1291567  0.42592393  0.7099477  0.42560122 0.14711951   NA
beta4       -0.2039009  0.07034383  0.3497321  0.07037374 0.14155336   NA
tau_obs      1.0810642  1.72300153  2.4819773  1.75664362 0.36624437   NA
tau_C1_proc  1.1288711  1.51520136  1.9378012  1.52492343 0.20829496   NA
tau_C2_proc  0.9369651  1.25985648  1.6131538  1.26826474 0.17332140   NA
                   MCerr MC%ofSD SSeff        AC.10      psrf
tau_proc    0.0015736682     0.8 16302  0.075545850 1.0000523
beta1       0.0009568140     0.6 25971  0.027077513 1.0000221
beta2       0.0004388323     0.7 21893  0.038564963 0.9999955
beta3       0.0007683200     0.5 36665  0.007720027 0.9999977
beta4       0.0007607987     0.5 34618  0.010514236 1.0000008
tau_obs     0.0027280845     0.7 18023  0.061276314 1.0001211
tau_C1_proc 0.0008487016     0.4 60235 -0.001595400 1.0000241
tau_C2_proc 0.0007111149     0.4 59405  0.002174759 1.0000544
[1] "Parameter cross-correlations"
                tau_proc        beta1        beta2        beta3        beta4
tau_proc     1.000000000  0.194287985  0.268749656  0.041419892 -0.075962064
beta1        0.194287985  1.000000000  0.703151633 -0.201755586 -0.273569254
beta2        0.268749656  0.703151633  1.000000000 -0.244231937 -0.385995652
beta3        0.041419892 -0.201755586 -0.244231937  1.000000000  0.074691420
beta4       -0.075962064 -0.273569254 -0.385995652  0.074691420  1.000000000
tau_obs     -0.401630619 -0.102034398 -0.138794900 -0.058269707  0.026431875
tau_C1_proc -0.005866012 -0.004390749 -0.001722953  0.006189731  0.003188292
tau_C2_proc  0.002225227  0.001397339  0.002483275 -0.002210083  0.003751009
                 tau_obs   tau_C1_proc   tau_C2_proc
tau_proc    -0.401630619 -0.0058660117  0.0022252271
beta1       -0.102034398 -0.0043907492  0.0013973391
beta2       -0.138794900 -0.0017229532  0.0024832749
beta3       -0.058269707  0.0061897312 -0.0022100830
beta4        0.026431875  0.0031882924  0.0037510085
tau_obs      1.000000000 -0.0025106739  0.0015436092
tau_C1_proc -0.002510674  1.0000000000 -0.0008430605
tau_C2_proc  0.001543609 -0.0008430605  1.0000000000
