[1] "Parameter summary"
                 Lower95      Median     Upper95         Mean          SD Mode
tau_proc      0.51002664   0.9211693   1.5435204   0.97447766  0.29043267   NA
beta1        -0.34515131   0.0507720   0.4184747   0.04592395  0.19466100   NA
beta2         0.45860937   0.6543038   0.8415857   0.65168837  0.09827715   NA
beta3         0.01873244   0.2995116   0.5852866   0.30004489  0.14462224   NA
beta4        -0.19282029   0.1678304   0.5515924   0.17488976  0.18989552   NA
beta5        -0.84379953  -0.4999742  -0.1769686  -0.50431356  0.16921182   NA
tau_obs       1.05287293   1.6896704   2.4748568   1.72366680  0.37327000   NA
tau_C1_proc   1.12359209   1.5136971   1.9275073   1.52271834  0.20709831   NA
tau_C2_proc 125.49438472 168.5758993 215.7647610 169.70283724 23.17115594   NA
                   MCerr MC%ofSD SSeff         AC.10     psrf
tau_proc    0.0031464548     1.1  8520  0.2556077941 1.000184
beta1       0.0015159381     0.8 16489  0.0565406940 1.000103
beta2       0.0011211589     1.1  7684  0.2791297650 1.000133
beta3       0.0008312759     0.6 30268  0.0134320573 1.000109
beta4       0.0020193691     1.1  8843  0.2361919756 1.000212
beta5       0.0016217727     1.0 10886  0.1686106299 1.000255
tau_obs     0.0032072320     0.9 13545  0.1231635939 1.000441
tau_C1_proc 0.0008571518     0.4 58376 -0.0013400277 0.999999
tau_C2_proc 0.0979648195     0.4 55944  0.0002025111 1.000143
[1] "Parameter cross-correlations"
                tau_proc         beta1         beta2        beta3
tau_proc     1.000000000  0.1862219622  0.4303424990  0.016948250
beta1        0.186221962  1.0000000000  0.4491596865 -0.292140696
beta2        0.430342499  0.4491596865  1.0000000000 -0.095660888
beta3        0.016948250 -0.2921406955 -0.0956608881  1.000000000
beta4       -0.348939383 -0.2461790966 -0.8041242561 -0.056122452
beta5        0.247320940 -0.3214051797  0.5771334670  0.212482064
tau_obs     -0.470166511 -0.1046365940 -0.2598549930 -0.031328952
tau_C1_proc -0.004877534 -0.0040913719 -0.0063320449  0.006015240
tau_C2_proc -0.002367712 -0.0007411941 -0.0004079342 -0.003039129
                    beta4         beta5      tau_obs   tau_C1_proc
tau_proc    -0.3489393829  0.2473209399 -0.470166511 -0.0048775341
beta1       -0.2461790966 -0.3214051797 -0.104636594 -0.0040913719
beta2       -0.8041242561  0.5771334670 -0.259854993 -0.0063320449
beta3       -0.0561224518  0.2124820639 -0.031328952  0.0060152402
beta4        1.0000000000 -0.6556465258  0.212974384  0.0042889425
beta5       -0.6556465258  1.0000000000 -0.152612636 -0.0018357074
tau_obs      0.2129743836 -0.1526126365  1.000000000 -0.0014855990
tau_C1_proc  0.0042889425 -0.0018357074 -0.001485599  1.0000000000
tau_C2_proc  0.0004277735 -0.0001101467  0.001563726 -0.0002696599
              tau_C2_proc
tau_proc    -0.0023677116
beta1       -0.0007411941
beta2       -0.0004079342
beta3       -0.0030391294
beta4        0.0004277735
beta5       -0.0001101467
tau_obs      0.0015637256
tau_C1_proc -0.0002696599
tau_C2_proc  1.0000000000
