[1] "Parameter summary"
              Lower95     Median     Upper95       Mean         SD Mode        MCerr
tau_proc    0.4948200  0.8171312  1.26105181  0.8462957 0.20547190   NA 0.0011042419
beta1      -0.6255643 -0.3339748 -0.04534837 -0.3371847 0.14714152   NA 0.0006542708
beta2       0.6090375  0.7261505  0.84206186  0.7249153 0.05955005   NA 0.0002717866
beta3       0.1367269  0.4192831  0.71186634  0.4197281 0.14614016   NA 0.0006197654
tau_obs     1.0991085  1.7204825  2.50029273  1.7546318 0.36691711   NA 0.0018821034
tau_C_proc  1.1507668  1.5494935  1.99208933  1.5603580 0.21669155   NA 0.0008789573
           MC%ofSD SSeff        AC.10      psrf
tau_proc       0.5 34624  0.086649589 1.0000952
beta1          0.4 50577  0.012790614 0.9999947
beta2          0.5 48007  0.022580597 0.9999956
beta3          0.4 55601  0.003517533 1.0000184
tau_obs        0.5 38006  0.061988289 1.0000588
tau_C_proc     0.4 60778 -0.002181037 0.9999901
[1] "Parameter cross-correlations"
               tau_proc       beta1        beta2        beta3      tau_obs   tau_C_proc
tau_proc    1.000000000  0.18215670  0.266845206  0.044665520 -0.407432088 -0.002569467
beta1       0.182156701  1.00000000  0.678225108 -0.199143627 -0.098548878  0.001954700
beta2       0.266845206  0.67822511  1.000000000 -0.242363408 -0.142839225  0.000733037
beta3       0.044665520 -0.19914363 -0.242363408  1.000000000 -0.059617695  0.008822238
tau_obs    -0.407432088 -0.09854888 -0.142839225 -0.059617695  1.000000000 -0.001772771
tau_C_proc -0.002569467  0.00195470  0.000733037  0.008822238 -0.001772771  1.000000000
