[1] "Parameter summary"
               Lower95      Median     Upper95        Mean         SD Mode
tau_proc     0.4920791  0.80368622  1.23623083  0.83078549 0.19865058   NA
beta1       -0.6463596 -0.35046515 -0.05773719 -0.35267452 0.14987227   NA
beta2        0.5950733  0.71707767  0.83665426  0.71550346 0.06166165   NA
beta3        0.1370130  0.42229445  0.71165962  0.42216000 0.14681006   NA
beta4       -0.3456208 -0.08301826  0.17101986 -0.08371916 0.13178968   NA
tau_obs      1.0834128  1.72689997  2.47965018  1.75975593 0.36547784   NA
tau_C1_proc  1.1317547  1.51547125  1.94039451  1.52423389 0.20766013   NA
tau_C2_proc  0.8927466  1.18796117  1.49534511  1.19557800 0.15402616   NA
                   MCerr MC%ofSD SSeff        AC.10     psrf
tau_proc    0.0015201484     0.8 17077  0.068482059 1.000015
beta1       0.0008700284     0.6 29674  0.016291415 1.000024
beta2       0.0003856139     0.6 25570  0.021721726 1.000015
beta3       0.0007585385     0.5 37459 -0.001455898 1.000014
beta4       0.0006519214     0.5 40867  0.003583526 1.000019
tau_obs     0.0027702663     0.8 17405  0.059985363 1.000044
tau_C1_proc 0.0008515823     0.4 59464 -0.002104264 1.000004
tau_C2_proc 0.0006288092     0.4 60000 -0.002862508 1.000006
[1] "Parameter cross-correlations"
                 tau_proc         beta1        beta2         beta3
tau_proc     1.0000000000  0.1837572300  0.261596451  0.0408759963
beta1        0.1837572300  1.0000000000  0.687167323 -0.1947563306
beta2        0.2615964506  0.6871673227  1.000000000 -0.2398780537
beta3        0.0408759963 -0.1947563306 -0.239878054  1.0000000000
beta4        0.0470898249  0.1529793124  0.224981684 -0.0201601616
tau_obs     -0.3990381407 -0.0967585771 -0.136244452 -0.0586548226
tau_C1_proc -0.0006808127 -0.0005114738 -0.001077152  0.0135813614
tau_C2_proc -0.0004109509 -0.0015336492  0.001277488 -0.0005080925
                    beta4       tau_obs   tau_C1_proc   tau_C2_proc
tau_proc     0.0470898249 -0.3990381407 -0.0006808127 -0.0004109509
beta1        0.1529793124 -0.0967585771 -0.0005114738 -0.0015336492
beta2        0.2249816842 -0.1362444522 -0.0010771523  0.0012774883
beta3       -0.0201601616 -0.0586548226  0.0135813614 -0.0005080925
beta4        1.0000000000 -0.0255050527  0.0006918977 -0.0016406493
tau_obs     -0.0255050527  1.0000000000 -0.0064189935 -0.0009204354
tau_C1_proc  0.0006918977 -0.0064189935  1.0000000000 -0.0049318516
tau_C2_proc -0.0016406493 -0.0009204354 -0.0049318516  1.0000000000
